[N
31
25
6 filter
23
9 bus_state
5
7 g_f_clk
30
7 iicmb_m
1
91 /mnt/ncsudrive/r/rsheth/ASIC_VERIF/ece745_projects/project_benches/proj_1/sim/qrun.out/work
29
15 conditioner_mux
2
4 mbit
3
3 rtl
27
11 conditioner
24
7 g_f_scl
26
8 g_cycles
16
9 g_f_scl_a
17
9 g_f_scl_b
18
9 g_f_scl_c
19
9 g_f_scl_d
20
9 g_f_scl_e
21
9 g_f_scl_f
31
10 iicmb_m_wb
4
9 g_bus_num
22
5 mbyte
28
3 str
6
9 g_f_scl_0
7
9 g_f_scl_1
8
9 g_f_scl_2
9
9 g_f_scl_3
10
9 g_f_scl_4
11
9 g_f_scl_5
12
9 g_f_scl_6
13
9 g_f_scl_7
14
9 g_f_scl_8
15
9 g_f_scl_9
]
[G
1
29
28
1
17
1
0
0
0
8 8
0
0
0
0
0
0
89
64
0
0
]
[G
1
29
28
1
18
1
0
0
0
8 8
0
0
0
0
0
0
89
64
0
0
]
[G
1
29
28
1
19
1
0
0
0
8 8
0
0
0
0
0
0
89
64
0
0
]
[G
1
29
28
1
20
1
0
0
0
8 8
0
0
0
0
0
0
89
64
0
0
]
[G
1
29
28
1
21
1
0
0
0
8 8
0
0
0
0
0
0
89
64
0
0
]
[G
1
30
28
1
4
1
0
1
0
0 0
0
0
]
[G
1
22
3
1
4
1
0
1
0
0 0
0
0
]
[G
1
29
28
1
4
1
0
1
0
0 0
0
0
]
[G
1
30
28
1
6
1
0
0
0
8 8
0
0
0
0
0
0
89
64
0
0
]
[G
1
30
28
1
7
1
0
0
0
8 8
0
0
0
0
0
0
89
64
0
0
]
[G
1
30
28
1
8
1
0
0
0
8 8
0
0
0
0
0
0
89
64
0
0
]
[G
1
30
28
1
9
1
0
0
0
8 8
0
0
0
0
0
0
89
64
0
0
]
[G
1
30
28
1
10
1
0
0
0
8 8
0
0
0
0
0
0
89
64
0
0
]
[G
1
30
28
1
11
1
0
0
0
8 8
0
0
0
0
0
0
89
64
0
0
]
[G
1
30
28
1
12
1
0
0
0
8 8
0
0
0
0
0
0
89
64
0
0
]
[G
1
30
28
1
13
1
0
0
0
8 8
0
0
0
0
0
0
89
64
0
0
]
[G
1
30
28
1
14
1
0
0
0
8 8
0
0
0
0
0
0
89
64
0
0
]
[G
1
30
28
1
15
1
0
0
0
8 8
0
0
0
0
0
0
89
64
0
0
]
[G
1
29
28
1
6
1
0
0
0
8 8
0
0
0
0
0
0
89
64
0
0
]
[G
1
29
28
1
7
1
0
0
0
8 8
0
0
0
0
0
0
89
64
0
0
]
[G
1
29
28
1
8
1
0
0
0
8 8
0
0
0
0
0
0
89
64
0
0
]
[G
1
29
28
1
9
1
0
0
0
8 8
0
0
0
0
0
0
89
64
0
0
]
[G
1
29
28
1
10
1
0
0
0
8 8
0
0
0
0
0
0
89
64
0
0
]
[G
1
29
28
1
11
1
0
0
0
8 8
0
0
0
0
0
0
89
64
0
0
]
[G
1
29
28
1
12
1
0
0
0
8 8
0
0
0
0
0
0
89
64
0
0
]
[G
1
29
28
1
13
1
0
0
0
8 8
0
0
0
0
0
0
89
64
0
0
]
[G
1
29
28
1
14
1
0
0
0
8 8
0
0
0
0
0
0
89
64
0
0
]
[G
1
29
28
1
15
1
0
0
0
8 8
0
0
0
0
0
0
89
64
0
0
]
[G
1
30
28
1
5
1
0
0
0
8 8
0
0
0
0
0
106
-8
64
0
0
]
[G
1
22
3
1
5
1
0
0
0
8 8
0
0
0
0
0
106
-8
64
0
0
]
[G
1
29
28
1
5
1
0
0
0
8 8
0
0
0
0
0
106
-8
64
0
0
]
[G
1
2
3
1
16
1
0
0
0
8 8
0
0
0
0
0
0
89
64
0
0
]
[G
1
2
3
1
17
1
0
0
0
8 8
0
0
0
0
0
0
89
64
0
0
]
[G
1
2
3
1
18
1
0
0
0
8 8
0
0
0
0
0
0
89
64
0
0
]
[G
1
2
3
1
19
1
0
0
0
8 8
0
0
0
0
0
0
89
64
0
0
]
[G
1
2
3
1
20
1
0
0
0
8 8
0
0
0
0
0
0
89
64
0
0
]
[G
1
2
3
1
21
1
0
0
0
8 8
0
0
0
0
0
0
89
64
0
0
]
[G
1
27
28
1
5
1
0
0
0
8 8
0
0
0
0
0
106
-8
64
0
0
]
[G
1
2
3
1
4
1
0
1
0
0 0
0
0
]
[G
1
31
28
1
16
1
0
0
0
8 8
0
0
0
0
0
0
89
64
0
0
]
[G
1
31
28
1
17
1
0
0
0
8 8
0
0
0
0
0
0
89
64
0
0
]
[G
1
31
28
1
18
1
0
0
0
8 8
0
0
0
0
0
0
89
64
0
0
]
[G
1
31
28
1
19
1
0
0
0
8 8
0
0
0
0
0
0
89
64
0
0
]
[G
1
31
28
1
20
1
0
0
0
8 8
0
0
0
0
0
0
89
64
0
0
]
[G
1
31
28
1
21
1
0
0
0
8 8
0
0
0
0
0
0
89
64
0
0
]
[G
1
23
3
1
5
1
0
0
0
8 8
0
0
0
0
0
106
-8
64
0
0
]
[G
1
31
28
1
4
1
0
1
0
0 0
0
0
]
[G
1
2
3
1
6
1
0
0
0
8 8
0
0
0
0
0
0
89
64
0
0
]
[G
1
2
3
1
7
1
0
0
0
8 8
0
0
0
0
0
0
89
64
0
0
]
[G
1
2
3
1
8
1
0
0
0
8 8
0
0
0
0
0
0
89
64
0
0
]
[G
1
2
3
1
9
1
0
0
0
8 8
0
0
0
0
0
0
89
64
0
0
]
[G
1
2
3
1
10
1
0
0
0
8 8
0
0
0
0
0
0
89
64
0
0
]
[G
1
2
3
1
11
1
0
0
0
8 8
0
0
0
0
0
0
89
64
0
0
]
[G
1
2
3
1
12
1
0
0
0
8 8
0
0
0
0
0
0
89
64
0
0
]
[G
1
2
3
1
13
1
0
0
0
8 8
0
0
0
0
0
0
89
64
0
0
]
[G
1
2
3
1
14
1
0
0
0
8 8
0
0
0
0
0
0
89
64
0
0
]
[G
1
2
3
1
15
1
0
0
0
8 8
0
0
0
0
0
0
89
64
0
0
]
[G
1
27
28
1
24
1
0
0
0
8 8
0
0
0
0
0
0
89
64
0
0
]
[G
1
2
3
1
5
1
0
0
0
8 8
0
0
0
0
0
106
-8
64
0
0
]
[G
1
31
28
1
6
1
0
0
0
8 8
0
0
0
0
0
0
89
64
0
0
]
[G
1
31
28
1
7
1
0
0
0
8 8
0
0
0
0
0
0
89
64
0
0
]
[G
1
31
28
1
8
1
0
0
0
8 8
0
0
0
0
0
0
89
64
0
0
]
[G
1
31
28
1
9
1
0
0
0
8 8
0
0
0
0
0
0
89
64
0
0
]
[G
1
31
28
1
10
1
0
0
0
8 8
0
0
0
0
0
0
89
64
0
0
]
[G
1
31
28
1
11
1
0
0
0
8 8
0
0
0
0
0
0
89
64
0
0
]
[G
1
31
28
1
12
1
0
0
0
8 8
0
0
0
0
0
0
89
64
0
0
]
[G
1
31
28
1
13
1
0
0
0
8 8
0
0
0
0
0
0
89
64
0
0
]
[G
1
31
28
1
14
1
0
0
0
8 8
0
0
0
0
0
0
89
64
0
0
]
[G
1
31
28
1
15
1
0
0
0
8 8
0
0
0
0
0
0
89
64
0
0
]
[G
1
30
28
1
16
1
0
0
0
8 8
0
0
0
0
0
0
89
64
0
0
]
[G
1
30
28
1
17
1
0
0
0
8 8
0
0
0
0
0
0
89
64
0
0
]
[G
1
30
28
1
18
1
0
0
0
8 8
0
0
0
0
0
0
89
64
0
0
]
[G
1
30
28
1
19
1
0
0
0
8 8
0
0
0
0
0
0
89
64
0
0
]
[G
1
30
28
1
20
1
0
0
0
8 8
0
0
0
0
0
0
89
64
0
0
]
[G
1
23
3
1
24
1
0
0
0
8 8
0
0
0
0
0
0
89
64
0
0
]
[G
1
25
3
1
26
1
0
12
0
0 0
0
0
]
[G
1
31
28
1
5
1
0
0
0
8 8
0
0
0
0
0
106
-8
64
0
0
]
[G
1
30
28
1
21
1
0
0
0
8 8
0
0
0
0
0
0
89
64
0
0
]
[G
1
29
28
1
16
1
0
0
0
8 8
0
0
0
0
0
0
89
64
0
0
]
